50
20
1 2 3 4 5 6 7 8 9 0 1 2 3 4 5 6 7 8 9 0 1 2 3 4 5 6 7 8 9 0 1 2 3 4 5 6 7 8 9 0 1 2 3 4 5 6 7 8 9 0 
4 5 6 0 5 4 7 8 6 1 4 5 6 0 5 4 7 8 6 1 4 5 6 0 5 4 7 8 6 1 4 5 6 0 5 4 7 8 6 1 4 5 6 0 5 4 7 8 6 1 
7 8 9 6 9 8 7 5 0 1 7 8 9 6 9 8 7 5 0 1 7 8 9 6 9 8 7 5 0 1 7 8 9 6 9 8 7 5 0 1 7 8 9 6 9 8 7 5 0 1 
1 2 3 4 5 6 7 8 9 0 1 2 3 4 5 6 7 8 9 0 1 2 3 4 5 6 7 8 9 0 1 2 3 4 5 6 7 8 9 0 1 2 3 4 5 6 7 8 9 0 
4 5 6 0 5 4 7 8 6 1 4 5 6 0 5 4 7 8 6 1 4 5 6 0 5 4 7 8 6 1 4 5 6 0 5 4 7 8 6 1 4 5 6 0 5 4 7 8 6 1 
7 8 9 6 9 8 7 5 0 1 7 8 9 6 9 8 7 5 0 1 7 8 9 6 9 8 7 5 0 1 7 8 9 6 9 8 7 5 0 1 7 8 9 6 9 8 7 5 0 1 
1 2 3 4 5 6 7 8 9 0 1 2 3 4 5 6 7 8 9 0 1 2 3 4 5 6 7 8 9 0 1 2 3 4 5 6 7 8 9 0 1 2 3 4 5 6 7 8 9 0 
4 5 6 0 5 4 7 8 6 1 4 5 6 0 5 4 7 8 6 1 4 5 6 0 5 4 7 8 6 1 4 5 6 0 5 4 7 8 6 1 4 5 6 0 5 4 7 8 6 1 
7 8 9 6 9 8 7 5 0 1 7 8 9 6 9 8 7 5 0 1 7 8 9 6 9 8 7 5 0 1 7 8 9 6 9 8 7 5 0 1 7 8 9 6 9 8 7 5 0 1 
7 8 9 8 5 2 1 0 1 1 7 8 9 8 5 2 1 0 1 1 7 8 9 8 5 2 1 0 1 1 7 8 9 8 5 2 1 0 1 1 7 8 9 8 5 2 1 0 1 1 
1 2 3 4 5 6 7 8 9 0 1 2 3 4 5 6 7 8 9 0 1 2 3 4 5 6 7 8 9 0 1 2 3 4 5 6 7 8 9 0 1 2 3 4 5 6 7 8 9 0 
4 5 6 0 5 4 7 8 6 1 4 5 6 0 5 4 7 8 6 1 4 5 6 0 5 4 7 8 6 1 4 5 6 0 5 4 7 8 6 1 4 5 6 0 5 4 7 8 6 1 
7 8 9 6 9 8 7 5 0 1 7 8 9 6 9 8 7 5 0 1 7 8 9 6 9 8 7 5 0 1 7 8 9 6 9 8 7 5 0 1 7 8 9 6 9 8 7 5 0 1 
1 2 3 4 5 6 7 8 9 0 1 2 3 4 5 6 7 8 9 0 1 2 3 4 5 6 7 8 9 0 1 2 3 4 5 6 7 8 9 0 1 2 3 4 5 6 7 8 9 0 
4 5 6 0 5 4 7 8 6 1 4 5 6 0 5 4 7 8 6 1 4 5 6 0 5 4 7 8 6 1 4 5 6 0 5 4 7 8 6 1 4 5 6 0 5 4 7 8 6 1 
7 8 9 6 9 8 7 5 0 1 7 8 9 6 9 8 7 5 0 1 7 8 9 6 9 8 7 5 0 1 7 8 9 6 9 8 7 5 0 1 7 8 9 6 9 8 7 5 0 1 
1 2 3 4 5 6 7 8 9 0 1 2 3 4 5 6 7 8 9 0 1 2 3 4 5 6 7 8 9 0 1 2 3 4 5 6 7 8 9 0 1 2 3 4 5 6 7 8 9 0 
4 5 6 0 5 4 7 8 6 1 4 5 6 0 5 4 7 8 6 1 4 5 6 0 5 4 7 8 6 1 4 5 6 0 5 4 7 8 6 1 4 5 6 0 5 4 7 8 6 1 
7 8 9 6 9 8 7 5 0 1 7 8 9 6 9 8 7 5 0 1 7 8 9 6 9 8 7 5 0 1 7 8 9 6 9 8 7 5 0 1 7 8 9 6 9 8 7 5 0 1 
7 8 9 8 5 2 1 0 1 1 7 8 9 8 5 2 1 0 1 1 7 8 9 8 5 2 1 0 1 1 7 8 9 8 5 2 1 0 1 1 7 8 9 8 5 2 1 0 1 1 
20
50
1 2 3 4 5 6 7 8 9 0 1 2 3 4 5 6 7 8 9 0
4 5 6 0 5 4 7 8 6 1 1 2 3 4 5 6 7 8 9 0
7 8 9 6 9 8 7 5 0 1 1 2 3 4 5 6 7 8 9 0
1 2 3 4 5 6 7 8 9 0 1 2 3 4 5 6 7 8 9 0
4 5 6 0 5 4 7 8 6 1 1 2 3 4 5 6 7 8 9 0
7 8 9 6 9 8 7 5 0 1 1 2 3 4 5 6 7 8 9 0
1 2 3 4 5 6 7 8 9 0 1 2 3 4 5 6 7 8 9 0 
4 5 6 0 5 4 7 8 6 1 1 2 3 4 5 6 7 8 9 0
7 8 9 6 9 8 7 5 0 1 1 2 3 4 5 6 7 8 9 0
7 8 9 8 5 2 1 0 1 1 1 2 3 4 5 6 7 8 9 0
1 2 3 4 5 6 7 8 9 0 1 2 3 4 5 6 7 8 9 0
4 5 6 0 5 4 7 8 6 1 1 2 3 4 5 6 7 8 9 0
7 8 9 6 9 8 7 5 0 1 1 2 3 4 5 6 7 8 9 0
1 2 3 4 5 6 7 8 9 0 1 2 3 4 5 6 7 8 9 0
4 5 6 0 5 4 7 8 6 1 1 2 3 4 5 6 7 8 9 0
7 8 9 6 9 8 7 5 0 1 1 2 3 4 5 6 7 8 9 0
1 2 3 4 5 6 7 8 9 0 1 2 3 4 5 6 7 8 9 0 
4 5 6 0 5 4 7 8 6 1 1 2 3 4 5 6 7 8 9 0
7 8 9 6 9 8 7 5 0 1 1 2 3 4 5 6 7 8 9 0
7 8 9 8 5 2 1 0 1 1 1 2 3 4 5 6 7 8 9 0
1 2 3 4 5 6 7 8 9 0 1 2 3 4 5 6 7 8 9 0
4 5 6 0 5 4 7 8 6 1 1 2 3 4 5 6 7 8 9 0
7 8 9 6 9 8 7 5 0 1 1 2 3 4 5 6 7 8 9 0
1 2 3 4 5 6 7 8 9 0 1 2 3 4 5 6 7 8 9 0
4 5 6 0 5 4 7 8 6 1 1 2 3 4 5 6 7 8 9 0
7 8 9 6 9 8 7 5 0 1 1 2 3 4 5 6 7 8 9 0
1 2 3 4 5 6 7 8 9 0 1 2 3 4 5 6 7 8 9 0 
4 5 6 0 5 4 7 8 6 1 1 2 3 4 5 6 7 8 9 0
7 8 9 6 9 8 7 5 0 1 1 2 3 4 5 6 7 8 9 0
7 8 9 8 5 2 1 0 1 1 1 2 3 4 5 6 7 8 9 0
1 2 3 4 5 6 7 8 9 0 1 2 3 4 5 6 7 8 9 0
4 5 6 0 5 4 7 8 6 1 1 2 3 4 5 6 7 8 9 0
7 8 9 6 9 8 7 5 0 1 1 2 3 4 5 6 7 8 9 0
1 2 3 4 5 6 7 8 9 0 1 2 3 4 5 6 7 8 9 0
4 5 6 0 5 4 7 8 6 1 1 2 3 4 5 6 7 8 9 0
7 8 9 6 9 8 7 5 0 1 1 2 3 4 5 6 7 8 9 0
1 2 3 4 5 6 7 8 9 0 1 2 3 4 5 6 7 8 9 0 
4 5 6 0 5 4 7 8 6 1 1 2 3 4 5 6 7 8 9 0
7 8 9 6 9 8 7 5 0 1 1 2 3 4 5 6 7 8 9 0
7 8 9 8 5 2 1 0 1 1 1 2 3 4 5 6 7 8 9 0
1 2 3 4 5 6 7 8 9 0 1 2 3 4 5 6 7 8 9 0
4 5 6 0 5 4 7 8 6 1 1 2 3 4 5 6 7 8 9 0
7 8 9 6 9 8 7 5 0 1 1 2 3 4 5 6 7 8 9 0
1 2 3 4 5 6 7 8 9 0 1 2 3 4 5 6 7 8 9 0
4 5 6 0 5 4 7 8 6 1 1 2 3 4 5 6 7 8 9 0
7 8 9 6 9 8 7 5 0 1 1 2 3 4 5 6 7 8 9 0
1 2 3 4 5 6 7 8 9 0 1 2 3 4 5 6 7 8 9 0 
4 5 6 0 5 4 7 8 6 1 1 2 3 4 5 6 7 8 9 0
7 8 9 6 9 8 7 5 0 1 1 2 3 4 5 6 7 8 9 0
7 8 9 8 5 2 1 0 1 1 1 2 3 4 5 6 7 8 9 0